ns_refactor/owslib/tests/test_idee.grd
ncols         40
nrows         40
xllcorner     600000.0
yllcorner     4200000.0
cellsize      25.0
NODATA_value  -999.0
4.472136 6.041523 7.2111025 8.485281 10.0 8.485281 7.81025 9.219544 13.28533 20.09975 22.327114 21.931713 26.617662 35.846897 30.413813 16.0 8.944272 9.192389 13.509256 13.946325 12.165525 8.514693 8.746428 20.12461 18.027756 15.508062 28.071337 21.0 17.117243 12.980755 9.617692 10.0 12.103719 12.103719 11.401754 11.313708 11.18034 12.165525 14.57738 17.84657 
6.4031243 8.062258 9.617692 11.510864 12.806249 12.349089 13.416408 16.124516 17.20465 13.509256 10.049875 22.549944 40.40421 38.078865 15.508062 11.401754 10.29563 10.700467 12.529964 7.2111025 6.519202 7.648529 12.103719 21.272047 16.507574 21.920311 26.925823 20.988092 16.56804 13.0 10.606602 10.1242285 10.1242285 9.486833 10.770329 11.661903 9.924717 9.192389 10.049875 12.509996 
8.514693 10.0 11.661903 13.72953 14.422205 15.264338 17.67767 20.59126 19.039433 12.165525 7.106335 25.079872 40.527767 29.15476 23.345236 26.315395 19.026299 17.20465 17.20465 15.890248 15.508062 12.980755 14.21267 18.506756 18.668154 24.698177 24.052027 18.867962 13.28533 12.0415945 12.509996 10.049875 8.514693 9.513149 11.597413 11.768602 8.944272 7.106335 6.3245554 6.0827627 
11.510864 13.601471 15.264338 16.807735 17.67767 19.039433 21.78302 24.186773 20.988092 16.763054 8.860023 17.67767 35.341194 29.53811 28.01785 25.019993 20.12461 17.691807 15.652476 16.68832 15.572412 14.159802 14.866069 10.29563 8.860023 15.6205 17.902514 16.324827 12.727922 12.206555 13.0 10.1242285 7.905694 10.198039 12.165525 11.597413 9.055386 5.700877 3.535534 3.8078866 
15.953056 18.179659 18.35756 19.723083 23.505318 28.398943 30.870699 28.887714 26.305893 28.86174 26.41969 6.0 22.825424 21.260292 13.038404 9.848858 15.811388 13.341664 5.656854 5.147815 5.3851647 14.035668 16.124516 6.670832 4.1231055 12.509996 17.67767 15.652476 12.747549 12.747549 12.103719 8.746428 7.615773 11.067972 12.020815 10.198039 8.514693 6.519202 5.147815 6.519202 
20.112185 21.272047 21.023796 24.698177 31.75689 37.589893 37.0 32.984844 33.35416 37.66298 42.43819 29.068884 16.970562 20.112185 12.165525 13.209845 20.112185 13.509256 7.3824115 9.617692 13.601471 17.804493 16.807735 7.81025 6.519202 14.508618 20.554804 17.262676 12.529964 12.020815 9.219544 5.0 7.071068 11.597413 11.768602 10.1242285 8.276473 7.615773 8.062258 8.485281 
20.518284 20.112185 22.638462 31.503967 40.0 44.94441 44.922153 44.8386 42.172264 35.784073 43.156693 38.209946 31.95309 33.800888 25.544079 19.811613 17.67767 11.335784 12.349089 17.67767 20.796635 21.633308 18.601076 10.049875 10.770329 18.027756 21.213203 18.248287 15.182226 11.510864 6.708204 4.7434163 7.3824115 12.369317 13.601471 11.85327 9.219544 9.219544 9.300538 8.602325 
15.231546 13.6565 22.638462 35.531677 44.553337 50.606323 52.27332 53.235325 46.52419 36.503426 43.416588 37.44329 37.0 32.89377 24.351591 14.57738 7.81025 11.85327 18.384777 25.109758 30.634947 32.256783 25.317978 16.124516 17.84657 22.203604 21.587032 18.069311 15.890248 10.440307 5.0 6.9641943 10.700467 13.601471 14.3178215 11.423659 8.746428 9.300538 8.514693 7.905694 
12.903488 12.020815 27.86575 40.47839 44.777225 48.50258 45.700108 42.579338 43.174065 44.102154 48.166378 36.117863 41.4367 35.014282 29.206163 19.79899 12.649111 22.638462 28.293108 33.42155 38.42525 37.363083 30.805843 27.10166 27.294687 26.172504 21.587032 17.10263 14.3178215 9.617692 6.708204 9.219544 12.103719 12.727922 12.349089 10.511898 8.944272 8.944272 7.2111025 7.2111025 
32.572994 27.86575 29.53811 46.572525 46.173584 46.52419 37.901188 26.16295 29.732138 40.311287 47.100956 32.38055 34.27098 25.739075 30.528675 21.931713 19.313208 29.0 33.23402 38.19031 41.231056 36.062447 35.55981 41.503014 37.98026 30.265491 22.505554 16.56804 13.152946 9.219544 9.486833 10.29563 10.700467 10.630146 10.0 8.944272 7.905694 8.246211 6.9641943 6.708204 
43.36473 39.881073 30.463093 47.270496 45.853027 45.607018 36.36619 19.14419 15.652476 32.070236 39.20459 30.008331 19.026299 20.615528 25.739075 15.264338 14.866069 27.613403 34.4093 40.527767 41.01219 32.596012 36.173195 51.560642 45.127598 33.593155 25.0 17.564169 13.152946 9.219544 10.198039 10.793516 10.1242285 8.276473 6.9641943 7.28011 6.670832 7.5166483 7.5166483 6.0827627 
40.503086 35.75612 24.545876 38.916576 41.773197 44.141815 37.716045 19.300259 14.230249 29.129023 33.35416 27.21213 21.931713 25.622255 22.147234 18.56071 22.638462 33.50373 38.832977 41.04875 32.901367 12.349089 31.016125 56.142673 47.71268 34.677082 26.172504 18.82817 12.369317 7.5166483 9.617692 11.597413 10.049875 7.071068 6.519202 7.5166483 6.0827627 6.519202 8.0 6.519202 
42.02975 41.4367 35.55981 26.239283 38.052597 44.502808 41.19466 22.825424 18.506756 30.016663 34.98571 30.700163 30.372684 27.901613 25.553865 27.721832 32.31099 38.242645 41.93447 40.0 19.811613 11.661903 42.26701 55.97321 45.35416 31.976553 25.622255 19.659603 9.617692 4.7434163 9.192389 12.980755 10.793516 7.28011 7.28011 8.246211 6.670832 6.519202 8.0 7.0 
38.28838 30.88689 35.383614 21.691011 35.468296 43.156693 44.8386 31.662281 23.769728 31.04835 37.215588 38.890873 36.830692 32.318726 30.041637 29.504236 31.662281 36.93914 39.698868 30.700163 5.147815 30.083218 44.525272 48.703182 40.5216 29.740545 26.24881 19.608671 6.041523 2.1213202 8.5440035 14.57738 11.510864 6.0 6.670832 7.905694 7.3824115 8.062258 8.944272 8.062258 
24.41311 21.224985 21.931713 25.059929 42.44997 47.90094 48.373547 40.81666 30.805843 30.700163 37.202152 41.725292 40.804413 40.05621 37.716045 36.503426 36.138622 34.669872 30.479502 11.661903 19.912308 39.812057 42.80771 43.011627 37.363083 27.540878 22.770596 15.508062 4.1231055 0.0 7.071068 17.029387 12.509996 4.0 5.3851647 7.2111025 7.81025 10.1242285 13.038404 13.601471 
15.231546 23.420076 15.0 30.438463 46.9308 55.19511 54.465584 46.010868 37.202152 32.0 42.190044 48.13003 46.760025 47.12218 44.994446 41.503014 39.319206 31.662281 18.179659 8.246211 33.800888 43.73214 42.361538 41.14608 34.539833 20.012497 15.443445 20.0 17.0 9.8234415 9.219544 19.313208 15.811388 4.472136 3.6055512 7.905694 11.768602 14.713939 18.069311 20.59126 
18.027756 17.902514 18.82817 32.202484 48.08846 57.118298 54.465584 48.39938 42.26701 36.667423 45.853027 56.608303 56.302753 53.450912 50.96077 45.099888 39.0 29.427877 14.849242 27.21213 44.096485 45.486263 39.52847 32.87096 22.090721 13.601471 21.644861 29.470324 32.89377 28.783676 22.147234 23.505318 22.102036 13.416408 13.152946 17.67767 22.022715 24.505102 24.33105 24.698177 
34.48188 5.8309517 22.36068 33.30165 45.694637 56.753853 53.577045 43.84632 37.161808 31.819805 34.935654 46.179 53.488316 52.84411 48.466484 36.769554 20.808653 20.506096 33.800888 44.407207 46.32494 37.7955 26.24881 17.84657 19.039433 30.149628 37.215588 39.319206 39.52847 35.55981 29.698484 24.545876 21.319006 25.622255 30.83018 30.265491 28.071337 26.019224 24.738634 27.10166 
51.502426 31.75689 20.024984 28.151377 37.576588 49.365982 54.520638 38.0 16.446884 10.29563 12.0 18.973665 28.991379 33.264095 31.976553 30.016663 30.88689 39.30013 42.43819 37.12142 31.780497 24.62722 19.209373 22.135944 27.613403 32.280025 32.55764 31.976553 32.449963 31.622776 30.463093 23.43075 25.622255 35.35534 36.124783 30.504099 23.194826 16.446884 13.72953 20.700241 
54.037025 51.662365 44.525272 37.0 32.596012 39.20459 47.46051 47.434166 33.264095 15.700318 6.0827627 7.0 15.6205 27.856777 38.242645 38.470768 32.38055 33.83785 34.928497 31.567389 30.108139 27.802877 28.86174 33.01515 34.234486 30.207615 23.194826 19.962465 28.469282 34.154064 28.887714 21.540659 31.662281 34.713108 30.066593 24.351591 18.398369 14.713939 12.529964 15.443445 
33.54102 46.179 50.9166 52.311565 46.400433 44.5926 41.382362 41.743263 37.336308 25.96151 21.319006 21.213203 25.347584 37.01351 50.955864 56.85068 54.405884 51.088158 47.423622 39.051247 31.890438 31.312937 35.057095 38.052597 38.581085 35.50352 30.602287 27.730848 35.22783 38.470768 29.908194 19.557608 23.853722 19.646883 17.464249 18.506756 21.505814 23.505318 21.272047 21.260292 
19.79899 27.166155 38.910152 47.69172 47.20699 49.66387 45.099888 47.100956 50.28419 43.709267 37.215588 34.79224 37.07425 44.300114 54.708317 59.300083 56.63921 52.63079 49.05609 38.967934 30.207615 34.677082 40.04997 42.643875 41.503014 38.658764 36.090164 36.23534 43.27817 43.410828 31.503967 14.3178215 15.572412 7.905694 11.423659 18.110771 23.021729 28.0 28.853077 21.954498 
36.0 20.892582 22.549944 38.451267 46.872166 54.77682 50.7001 50.358715 55.145264 47.942673 32.901367 26.086395 26.086395 27.730848 36.069378 45.10543 47.853943 51.264023 48.39938 34.828148 32.81006 43.289722 49.80462 49.0408 43.73214 36.062447 27.504545 27.577164 39.629536 44.525272 33.77129 12.020815 6.0827627 5.0990195 15.264338 22.36068 26.16295 30.73272 31.945265 24.052027 
45.96194 41.59327 29.832869 27.313 40.60788 54.230988 56.625965 57.46738 64.195015 62.389904 36.0 5.147815 10.440307 20.808653 33.143627 41.382362 43.341667 45.83121 36.878178 29.068884 41.59327 52.886673 52.692505 43.56604 32.87096 27.901613 22.19234 20.506096 31.144823 40.792156 35.531677 17.564169 14.089003 27.202942 36.006943 39.962482 37.44329 33.23402 29.15476 22.847319 
43.289722 48.25453 48.09366 39.223717 30.413813 34.532593 46.22229 56.61272 66.21933 68.34106 44.793972 28.071337 35.55981 46.043457 53.823788 55.70009 53.814495 42.520584 13.28533 22.770596 42.047592 41.4367 27.658634 24.010414 27.0 32.626675 28.887714 26.239283 29.068884 33.54102 35.0 28.853077 29.908194 40.131035 49.90491 52.0 43.965897 32.9621 24.839485 18.721645 
39.503166 44.181442 47.169907 48.0 45.304523 42.544094 42.714165 46.9308 55.77186 58.433723 48.414875 43.011627 47.010635 54.520638 59.405388 62.1289 61.224995 43.011627 23.345236 29.832869 29.30017 9.617692 20.615528 30.463093 35.468296 35.75612 30.870699 30.528675 28.600698 26.16295 31.257 35.057095 33.800888 31.662281 31.088583 31.120733 28.79236 26.172504 19.608671 12.806249 
46.270943 51.502426 54.08327 53.009434 51.156624 50.9166 50.798622 47.507893 42.73757 36.124783 23.119257 14.57738 32.55764 49.67897 57.27565 58.258045 49.396355 30.008331 39.56008 43.104523 23.505318 11.067972 29.410883 30.372684 32.01562 32.9621 31.780497 31.312937 23.70654 18.788294 28.044607 36.345562 31.016125 28.783676 34.0147 32.984844 19.039433 12.589679 11.510864 7.28011 
57.870544 61.745445 63.596382 61.13101 58.553394 59.063526 59.808025 57.118298 51.21035 44.102154 32.202484 20.808653 38.0 48.76474 47.81736 44.72136 29.698484 24.052027 45.88028 47.434166 28.600698 18.506756 31.016125 28.460499 27.658634 31.144823 33.593155 32.24903 22.461077 18.35756 29.436373 39.52847 32.442257 21.505814 27.294687 39.012817 26.730133 8.602325 9.486833 9.0 
62.565964 64.36226 67.06713 67.36468 65.51717 66.876755 67.72001 63.324562 56.661274 47.127487 30.016663 31.95309 53.235325 52.76836 44.749302 45.35416 27.322153 27.721832 46.09772 45.80393 40.81666 32.81006 31.819805 25.553865 23.420076 29.15476 34.59046 34.234486 25.96151 22.638462 31.304953 40.798283 40.706264 33.61547 34.669872 40.311287 28.398943 12.903488 12.165525 13.509256 
62.389904 65.364365 69.00725 72.00347 68.51642 66.287254 64.03124 57.46738 48.507732 32.140316 22.472204 47.90094 62.30971 54.08327 44.011364 47.127487 29.529646 26.315395 42.941822 37.503334 35.35534 30.602287 24.596748 18.439089 19.608671 29.02585 37.85499 37.64306 28.887714 24.596748 30.73272 40.47839 47.759815 36.090164 32.87096 33.94849 26.400757 15.443445 13.038404 13.038404 
56.307194 57.870544 58.97881 63.94138 61.955627 54.023144 45.502747 34.532593 22.561028 22.770596 41.018288 56.395924 60.270226 52.27332 43.017437 42.10107 30.041637 21.954498 44.63743 39.604294 28.504385 19.608671 14.713939 16.324827 24.207438 34.98571 44.72136 42.544094 29.206163 21.095022 29.231833 41.773197 48.440685 33.860004 20.0 22.203604 20.40833 10.700467 8.062258 8.631338 
49.497475 46.486557 41.838978 42.190044 44.64303 35.67212 22.090721 13.435029 17.029387 29.614185 41.503014 52.773098 59.22837 54.589375 43.104523 35.58792 31.59905 16.324827 40.920654 50.931328 34.64823 21.272047 21.095022 30.207615 40.804413 48.9183 55.9017 50.20956 30.634947 16.324827 29.12044 45.502747 45.304523 31.257 19.235384 18.069311 14.916434 6.3245554 4.1231055 8.944272 
43.525856 35.10698 25.109758 19.659603 23.021729 20.518284 14.56022 17.262676 21.377558 24.545876 32.31099 49.421654 64.34672 62.677746 50.975483 39.217342 34.820972 31.06445 18.668154 53.075417 49.0408 37.85499 41.018288 49.24429 54.886246 58.249462 61.7171 52.43091 36.124783 29.068884 36.796738 49.193497 40.577087 27.82984 20.2608 17.464249 12.165525 7.28011 8.485281 12.206555 
27.45906 19.039433 9.486833 5.8309517 14.0 21.644861 20.615528 19.300259 17.67767 16.867128 23.259407 41.503014 61.045067 63.694584 56.859474 46.888165 38.942265 40.311287 25.347584 41.340054 58.38236 49.07647 48.83646 52.801514 54.886246 53.94905 51.662365 42.714165 38.209946 44.63743 45.39273 46.9308 35.22783 25.387005 19.912308 15.231546 11.067972 10.511898 12.903488 12.747549 
10.440307 13.152946 12.806249 15.811388 20.506096 24.86966 21.691011 17.088007 14.916434 12.165525 14.3178215 33.24154 54.373707 62.94839 64.3506 59.215706 52.55949 49.729267 44.525272 24.5153 51.10773 48.270073 43.156693 45.853027 47.565742 44.525272 40.36087 36.769554 34.677082 40.527767 42.10107 40.527767 31.120733 23.334524 18.439089 13.509256 12.206555 13.038404 13.209845 10.816654 
21.224985 27.613403 29.15476 28.504385 26.16295 26.87936 25.455845 22.102036 22.022715 19.557608 16.124516 22.770596 35.92353 48.754486 60.22043 61.09419 59.933296 60.74537 59.439045 31.819805 29.094673 40.496914 37.336308 40.311287 40.700123 37.202152 34.20526 33.24154 30.413813 28.460499 32.01562 30.016663 23.43075 19.104973 16.27882 13.509256 13.435029 12.806249 10.977249 7.905694 
30.610456 37.536648 38.948685 36.74915 33.734257 34.0 36.20083 37.161808 39.92493 40.5216 41.59327 42.72002 38.967934 36.74915 49.24429 54.451813 53.08484 57.07889 62.39391 48.626125 14.142136 26.24881 32.9621 36.912056 35.10698 32.01562 29.206163 27.577164 25.700195 20.518284 18.56071 17.67767 16.324827 15.572412 14.142136 12.806249 12.747549 11.313708 8.514693 5.8309517 
31.622776 35.58792 36.124783 38.3471 41.862873 43.32436 47.88528 51.7349 56.608303 59.063526 58.420887 56.67892 57.567352 58.961853 61.77783 62.008064 56.302753 56.129314 59.48109 52.76836 27.613403 24.186773 30.438463 31.976553 31.06445 29.30017 25.700195 21.965883 19.416489 15.652476 11.510864 10.606602 12.0415945 12.903488 12.206555 11.335784 11.313708 9.924717 7.2111025 5.700877 
29.732138 33.800888 34.677082 32.202484 35.341194 44.27189 55.226807 60.373837 60.104076 63.564926 65.82173 65.62012 69.58807 71.50175 69.354164 67.10067 62.325756 58.02155 55.915115 50.159744 31.567389 20.40833 22.847319 25.553865 26.504717 23.600847 19.209373 15.572412 14.300349 13.416408 10.511898 8.944272 10.511898 11.85327 11.661903 10.816654 10.0 8.485281 6.708204 6.041523 
37.10121 31.945265 30.438463 38.013157 30.805843 25.495098 34.98571 32.87096 33.50373 51.662365 60.7824 69.58448 71.794846 69.30007 68.94926 68.0 62.681736 55.605755 48.81086 40.9939 25.739075 16.124516 16.985289 19.811613 19.79899 16.27882 13.453624 12.020815 12.103719 12.349089 10.816654 9.300538 10.511898 12.349089 11.18034 9.617692 8.944272 7.2111025 5.700877 6.041523 
